Le contexte de la base de donn‚es a ‚t‚ modifi‚ en 'GR_EMA_DISTRIBUTION'.
Total rows in RT_HISTCOMPTA:
Total_HistCompta
----------------
            2676

(1 lignes affect‚es)
Total matches:
Match_Count
-----------
       2600

(1 lignes affect‚es)
Unmatched HC_No:
HC_No       HC_Jour     HC_NumPiece                                                                                                                                                                                                                                                      HC_Montant                 HC_Sens    
----------- ----------- ---------------------------------------------------------------------------------------------------------------------------------------------------------------------------------------------------------------------------------------------------------------- -------------------------- -----------
          0           6                                                                                                                                                                                                                                                                                 9720.000000           1
          0           6                                                                                                                                                                                                                                                                                 8100.000000           0
          0           6                                                                                                                                                                                                                                                                                 1620.000000           0
          0          24                                                                                                                                                                                                                                                                                  960.000000           1
          0          24                                                                                                                                                                                                                                                                                  800.000000           0
          0          24                                                                                                                                                                                                                                                                                  160.000000           0
          0          26                                                                                                                                                                                                                                                                                  739.920000           1
          0          26                                                                                                                                                                                                                                                                                  616.600000           0
          0          26                                                                                                                                                                                                                                                                                  123.320000           0
       5547          31 19                                                                                                                                                                                                                                                                             12240.000000           1
       5548          31 19                                                                                                                                                                                                                                                                             10200.000000           0
       5549          31 19                                                                                                                                                                                                                                                                              2040.000000           0
       5542          12 18                                                                                                                                                                                                                                                                               720.000000           1
       5543          12 18                                                                                                                                                                                                                                                                               600.000000           0
       5544          12 18                                                                                                                                                                                                                                                                               120.000000           0
          0           1                                                                                                                                                                                                                                                                                  446.400000           1
          0           1                                                                                                                                                                                                                                                                                  372.000000           0
          0           1                                                                                                                                                                                                                                                                                   74.400000           0
       5519           7 13                                                                                                                                                                                                                                                                               550.200000           1
       5520           7 13                                                                                                                                                                                                                                                                               458.500000           0
       5521           7 13                                                                                                                                                                                                                                                                                91.700000           0
       5522           8 14                                                                                                                                                                                                                                                                              1369.920000           1
       5523           8 14                                                                                                                                                                                                                                                                              1141.600000           0
       5524           8 14                                                                                                                                                                                                                                                                               228.320000           0
          0          10                                                                                                                                                                                                                                                                                  720.000000           1
          0          10                                                                                                                                                                                                                                                                                  600.000000           0
          0          10                                                                                                                                                                                                                                                                                  120.000000           0
       2739          26 1                                                                                                                                                                                                                                                                              10821.850000           0
       2740          26 1                                                                                                                                                                                                                                                                              10821.850000           1
       2743          18 2                                                                                                                                                                                                                                                                              11158.800000           0
       2744          18 2                                                                                                                                                                                                                                                                              11158.800000           1
       2953          29 3                                                                                                                                                                                                                                                                              13053.660000           0
       2954          29 3                                                                                                                                                                                                                                                                              13053.660000           1
       3189          29 6                                                                                                                                                                                                                                                                              19522.400000           0
       3190          29 6                                                                                                                                                                                                                                                                              19522.400000           1
       3191          29 6                                                                                                                                                                                                                                                                               4776.000000           0
       3192          29 6                                                                                                                                                                                                                                                                               4776.000000           1
       3193          29 6                                                                                                                                                                                                                                                                              35860.830000           0
       3194          29 6                                                                                                                                                                                                                                                                              35860.830000           1
       4994          31 12                                                                                                                                                                                                                                                                             12240.000000           1
       4995          31 12                                                                                                                                                                                                                                                                             10200.000000           0
       4996          31 12                                                                                                                                                                                                                                                                              2040.000000           0
       3832          12 9                                                                                                                                                                                                                                                                              14592.210000           0
       3833          12 9                                                                                                                                                                                                                                                                              14592.210000           1
       4021          12 11                                                                                                                                                                                                                                                                             45625.000000           0
       4022          12 11                                                                                                                                                                                                                                                                             45625.000000           1
          0          26                                                                                                                                                                                                                                                                                 6597.480000           1
          0          26                                                                                                                                                                                                                                                                                 5497.900000           0
          0          26                                                                                                                                                                                                                                                                                 1099.580000           0
          0          13                                                                                                                                                                                                                                                                                 4045.920000           1
          0          13                                                                                                                                                                                                                                                                                 3371.600000           0
          0          13                                                                                                                                                                                                                                                                                  674.320000           0
          0           8                                                                                                                                                                                                                                                                                  720.000000           1
          0           8                                                                                                                                                                                                                                                                                  600.000000           0
          0           8                                                                                                                                                                                                                                                                                  120.000000           0
          0           8                                                                                                                                                                                                                                                                                  786.660000           1
          0           8                                                                                                                                                                                                                                                                                  655.550000           0
          0           8                                                                                                                                                                                                                                                                                  131.110000           0
          0          10                                                                                                                                                                                                                                                                                  939.280000           1
          0          10                                                                                                                                                                                                                                                                                  796.000000           0
          0          10                                                                                                                                                                                                                                                                                  143.280000           0
          0          10                                                                                                                                                                                                                                                                                   63.470000           1
          0          10                                                                                                                                                                                                                                                                                   57.700000           0
          0          10                                                                                                                                                                                                                                                                                    5.770000           0
          0          12                                                                                                                                                                                                                                                                                  349.920000           1
          0          12                                                                                                                                                                                                                                                                                  291.600000           0
          0          12                                                                                                                                                                                                                                                                                   58.320000           0
          0           8                                                                                                                                                                                                                                                                                  620.040000           1
          0           8                                                                                                                                                                                                                                                                                  516.700000           0
          0           8                                                                                                                                                                                                                                                                                  103.340000           0
          0          28                                                                                                                                                                                                                                                                                 7054.800000           1
          0          28                                                                                                                                                                                                                                                                                 5879.000000           0
          0          28                                                                                                                                                                                                                                                                                 1175.800000           0
          0          19                                                                                                                                                                                                                                                                                 6614.400000           1
          0          19                                                                                                                                                                                                                                                                                 5512.000000           0
          0          19                                                                                                                                                                                                                                                                                 1102.400000           0

(76 lignes affect‚es)
